fitness_iter_min:[datetime.datetime(2023, 1, 1, 8, 25)]
Iter,Pop_size,k,p_c1,p_c2,p_v,overtime(h):100 50 5 0.2 0.1 0.1 
[60 53 33 48 22  4 13 40 38 47  2  5 25 51 39 60 55 51  3 44  2 43 19 22
 29 29 32 30 58 21 47 21 42 19 24 16 23 48 21 50  3 17 26 26 26 25 45 48
 24 41  1 26 26 56 59 19 57 52 12 20 15 46 53 55 58 51 56 50 49  4 46 48
 36 29  2 41 57 31 41 24  8  7 56  6 49 12 30 18 27 34 18 47 20 23 21  9
 14 50 38  3 17 54 30 15 24 44  1 57 58 28 42 49 28 58 29 18 50 59 53 27
 20  3 28 23 54  7 45 10  5 10 55  8 35  9 28 30 29 25 11 57 16 14  8  4
 25 12 37 33 56 60 23 59 13 53 59 27 30 60 39 25 46 35 49  6 46  1 43 22
 11 13  2 24 34 47 52 22 40 32 54 21 45 15 42 52 28  1 44 10 55 54 52 23
 31 11 14 22 17  7 27 43 36 27 51  9 16  5 37  6]
