fitness_iter_min:[datetime.datetime(2023, 1, 1, 8, 25, 40)]
Iter,Pop_size,k,p_c1,p_c2,p_v,overtime(h):100 50 5 0.2 0.1 0.1 
[21 59 16 27 11 27 14 42  5 50  8 57 16 53 54 13 38 24 30 57 18 56 41 58
 25 21 10 11 21 51 11 35  4 58  5 41 32 48  1 17 53 34 30 43 57 23 24 39
 46 58 21 37 49 15 22 54 42 17 25 38 22 33 41  5 55 59 50  3 26 20 19  6
 27 12  8 48 33 55 10 55 12 56 48 53 30 50 52  2 28 59 26 49 31 51 57 54
  4 43 45 17 52 36 44 23 15 18 40 56  1 47  6 47  2 30  3 13 46 25 50 28
 24 22 14 36 47 52 47  4 44 28 26 53 21 43 39 20 60  7 18 16 24 60 40  7
 23 49 23 55 45  3 46  9 60 58  1 25  7 24 23 42  2 27  8 26 10 12 59 37
 44  6 46 28 27 14 25 51 52 26 48 29  1 29 51 30 22 32 54 35  9 29 13 34
 45 60 49 19  9 19  3 15 29 20 56 22 28 31 29  2]
