fitness_iter_min:[datetime.datetime(2023, 1, 1, 8, 22, 40)]
Iter,Pop_size,k,p_c1,p_c2,p_v,overtime(h):100 50 5 0.3 0.2 
[26. 19. 45. 51. 11. 30. 51. 10. 17. 23. 26.  1.  4. 52.  8. 21.  8. 49.
 54. 60. 13. 12. 15.  1. 29. 24. 29.  7. 16. 12. 48. 32. 23. 23. 47. 59.
 43. 42. 30. 26. 19. 13. 55. 21. 57. 51.  4. 53. 25. 42. 23.  8. 55. 44.
 41.  2. 24. 44. 40.  5. 58. 27. 25.  7. 23. 37. 37. 52. 18. 18. 29.  3.
 12. 53. 25. 56. 30. 28. 53. 22. 16. 58.  2.  6. 46.  1. 49. 22. 42. 50.
  2. 27. 60. 50. 18. 27. 48.  3. 13. 46.  3. 41. 39. 45. 44. 29.  5. 53.
 54. 48. 22. 21. 21.  1. 16. 15. 49. 31. 26. 59. 14. 10. 14.  3. 28. 19.
  4. 17. 47. 22. 55.  5. 20. 36. 60. 54. 24. 56. 59. 35. 30. 38. 41. 57.
 56. 11. 40. 59. 57. 39. 43. 30. 33. 52.  7. 34. 46. 55. 47. 14. 34. 45.
 56. 28. 50. 15. 22.  2. 28.  6. 31. 54. 21.  6. 32. 28. 58. 52. 26. 27.
 20. 24. 48. 43.  9. 47. 46. 27. 25. 25. 38. 60. 36. 20. 58. 24. 57. 17.
 51. 11. 29. 33. 35. 49. 50.  9. 10.  9.]
