fitness_iter_min:[datetime.datetime(2023, 1, 1, 8, 24)]
Iter,Pop_size,k,p_c1,p_c2,p_v,overtime(h):200 50 5 0.5 0.3 
[10 11  3 29 43 35 25 28 51 41 41 31 24 16  7 42 44 56 49 15  9 15  4 19
 57 55 33 59 29 14 10  8 10 52 21 16 59  6 49 53 30  2 13 22 60 32 43  9
 20  6 23 12  8 54 58 17 22 11 24 60 20 58 44 55 45 44 37 26  2 57  7 17
 28 49 53  4  4 27 58  5 56 25 36 52  1 22 54 36 54 27 34 26 51 11 21 55
 24 52 55 21 21 22 20 47 27 15  3 14 29 40 46 39  5 47 38 18 51 59 53 24
 28 46 12 41 30 50 23 25 52 17 26 23 57 46 48 30 13 24 57 19 43 50 34  7
 50 29  9 45 60 58  6 19 42 23 18 56 21 45  1 35  3  5 42 50 18 27 39 47
 28 54 25 28 30 31 47 60 32 48 37 48 12 27 26  3 30 48 51 56  1  1 46  8
  2 33 59 16 29 26 14 40 25 13 53 22 49 23 38  2]
